gauge_id
3015500
14154500
2011460
2064000
13240000
11143000
8013000
12383500
5495000
3463300
11230500
3021350
3049800
10166430
1638480
7340300
1516500
1545600
5503800
7060710
1634500
7014500
12388400
9505350
11098000
8176900
12082500
6043500
2137727
1013500
14362250
3488000
4213000
6803530
6468250
2300700
9497800
6332515
2177000
2430085
2112120
1181000
1350000
10242000
1170100
7346045
13340000
14139800
11274500
2074500
5123400
2450250
2349900
2216180
4045500
6447000
13011900
9430600
7295000
3159540
2051000
6919500
4216418
2245500
6278300
5408000
13340600
8079600
9484600
1073000
2469800
14187000
2196000
1549500
4233000
2128000
12377150
7359610
14305500
10258500
12358500
2427250
4196800
9484000
5120500
5592050
12390700
9505800
1078000
1550000
1486000
2314500
12048000
4185000
6814000
5131500
12374250
2384540
12054000
1658500
8050800
8158700
2198100
7148400
3026500
1586610
7226500
5488200
6409000
4161580
2472000
7299670
1434025
5507600
10310500
11478500
12167000
1669000
1466500
14092750
12013500
10348850
1030500
12145500
3285000
2178400
9430500
11148900
2015700
2056900
14303200
3011800
7066000
7292500
6889500
10396000
9210500
1440400
7197000
4256000
7362100
8200000
7261000
12073500
1139000
6903400
1542810
4027000
14325000
2108000
6339500
7151500
7315700
5556500
5399500
10173450
2077200
12025700
2140991
2312200
8271000
3384450
4122200
2430615
8164000
7301500
5087500
6479215
2327100
8070000
5062500
4059500
9066300
1440000
6918460
3237500
8086290
12451000
14138900
6354000
2298608
4074950
14222500
4127918
5495500
6404000
11473900
3050000
2102908
11151300
9513780
5595730
2374500
2149000
13337000
12056500
2152100
6917000
4105700
3140000
3340800
5466500
13083000
7180500
3500000
4057800
1134500
13331500
9508300
6291500
1583500
11237500
5056000
1195100
12447390
1169000
5362000
6470800
12381400
6339100
4024430
2013000
4056500
2212600
3450000
10259000
3161000
8109700
4040500
1568000
14185000
12117000
4224775
3049000
2479155
1543500
3237280
2296500
2371500
7142300
2479560
11180500
12040500
12144000
5591550
13235000
1415000
2096846
11528700
3280700
1543000
11141280
1031500
6803510
6477500
6311000
4197170
1333000
1596500
2014000
1121000
1435000
6037500
2018000
11475560
11266500
1423000
10343500
3070500
1487000
2028500
14309500
8101000
9306242
6885500
10258000
1047000
11482500
10234500
6892000
6622700
10336740
4063700
1510000
12143600
1632000
1644000
2065500
3165000
8195000
2082950
1413500
1484100
4221000
2111180
14236200
3479000
2016000
2298123
1439500
8082700
7373000
1451800
1605500
6934000
12189500
9505200
6440200
14185900
11299600
2092500
3357350
8202700
8165300
2363000
10259200
14400000
3144000
6906800
14096850
5291000
11532500
10316500
10263500
1137500
3364500
14182500
8178880
3439000
12114500
2299950
1142500
2125000
8029500
3281500
2070000
9497980
2017500
1485500
1139800
2046000
13023000
7167500
6614800
2053200
7083000
13018300
12041200
4043050
2118500
6879650
3456500
5444000
9510200
14137000
14138800
2231342
6888500
7184000
13011500
7145700
7301410
10023000
8164600
6479438
12186000
14216500
5487980
4057510
8378500
3182500
1118300
1518862
12025000
2235200
2215100
9223000
6921070
12411000
6853800
14316700
8014500
2051500
8066300
6360500
3346000
2481000
7376000
3213700
6353000
4015330
7362587
8190500
8023080
3604000
8324000
1057000
6623800
7263295
2202600
9492400
11522500
5057000
14158500
14166500
8171300
6784000
6224000
3368000
3078000
14308990
12147500
2342933
3460000
11284400
2464146
3504000
9480000
1639500
3338780
3498500
3366500
2372250
6889200
6441500
6450500
1620500
5393500
8194200
14158790
6352000
2479300
2408540
5508805
2315500
8269000
12115000
7290650
3170000
9378630
6289000
8066200
13161500
8070200
9081600
1606500
1414500
8103900
10336645
2038850
2381600
2053800
6746095
14306500
11180960
3187500
3500240
9066200
6344600
5057200
5414000
6911900
9035900
2350900
11224500
11468500
12020000
3173000
8104900
12043000
